0			0.000528887
0.01			0.000907882
0.02			0.001328311
0.03			0.001128455
0.04			-1.88E-05
0.05			-0.001009029
0.06			-0.001669528
0.07			-0.002022932
0.08			-0.00159641
0.09			-0.001255193
0.1			-0.00173046
0.11			-0.002242286
0.12			-0.002717553
0.13			-0.002912534
0.14			-0.002071677
0.15			-0.00077627
0.16			0.00010139
0.17			0.000389963
0.18			-0.000157204
0.19			-0.001191824
0.2			-0.001974186
0.21			-0.002120422
0.22			-0.001547665
0.23			-0.000996842
0.24			-0.000988312
0.25			-0.001523292
0.26			-0.002315404
0.27			-0.002766298
0.28			-0.001486733
0.29			0.000792112
0.3			0.003265938
0.31			0.00538636
0.32			0.005983491
0.33			0.00502077
0.34			0.00452113
0.35			0.005008584
0.36			0.006239404
0.37			0.008018609
0.38			0.008042981
0.39			0.005581342
0.4			0.001974186
0.41			-0.001693901
0.42			-0.004009304
0.43			-0.003887441
0.44			-0.002717553
0.45			-0.002083863
0.46			-0.002522571
0.47			-0.004545503
0.48			-0.006080981
0.49			-0.005081702
0.5			-0.002571317
0.51			0.00057032
0.52			0.002985652
0.53			0.002863789
0.54			0.00119548
0.55			-0.000582507
0.56			-0.001913255
0.57			-0.001498919
0.58			0.00011053
0.59			-0.000899352
0.6			-0.004301776
0.61			-0.008457317
0.62			-0.01117487
0.63			-0.010650857
0.64			-0.005106075
0.65			0.002022932
0.66			0.009188497
0.67			0.014501739
0.68			0.016329689
0.69			0.014989193
0.7			0.012795652
0.71			0.011053006
0.72			0.009895304
0.73			0.008140472
0.74			0.001645155
0.75			-0.007445851
0.76			-0.017304596
0.77			-0.026078758
0.78			-0.033146832
0.79			-0.035218509
0.8			-0.034852919
0.81			-0.033878012
0.82			-0.031440745
0.83			-0.027662981
0.84			-0.022057267
0.85			-0.012917516
0.86			-0.000307096
0.87			0.007835814
0.88			0.008896025
0.89			-0.001498919
0.9			-0.01779205
0.91			-0.034731056
0.92			-0.046186211
0.93			-0.057641366
0.94			-0.07628646
0.95			-0.103705714
0.96			-0.13770559
0.97			-0.169390062
0.98			-0.169390062
0.99			-0.11954795
1			-0.041555404
1.01			0.034974783
1.02			0.089203975
1.03			0.105533665
1.04			0.091763106
1.05			0.065806211
1.06			0.035705963
1.07			0.018401366
1.08			0.015476646
1.09			0.022422857
1.1			0.03777764
1.11			0.075189689
1.12			0.125519255
1.13			0.197418634
1.14			0.272973913
1.15			0.330249689
1.16			0.357059627
1.17			0.359496894
1.18			0.342436025
1.19			0.330249689
1.2			0.330249689
1.21			0.33390559
1.22			0.332686957
1.23			0.309532919
1.24			0.266880745
1.25			0.224228571
1.26			0.212042236
1.27			0.225447205
1.28			0.255913043
1.29			0.280285714
1.3			0.269318012
1.31			0.214479503
1.32			0.123081988
1.33			0.031197019
1.34			-0.037655776
1.35			-0.064953168
1.36			-0.073118012
1.37			-0.069462112
1.38			-0.073971056
1.39			-0.08030795
1.4			-0.083476398
1.41			-0.085791801
1.42			-0.083476398
1.43			-0.092981739
1.44			-0.111504969
1.45			-0.136486957
1.46			-0.155985093
1.47			-0.166952795
1.48			-0.147454658
1.49			-0.11808559
1.5			-0.09517528
1.51			-0.066781118
1.52			-0.033634286
1.53			0.011211429
1.54			0.067756025
1.55			0.124300621
1.56			0.151110559
1.57			0.15476646
1.58			0.118207453
1.59			0.047892298
1.6			-0.02108236
1.61			-0.065684348
1.62			-0.089203975
1.63			-0.088229068
1.64			-0.081648447
1.65			-0.073483602
1.66			-0.059834907
1.67			-0.040093043
1.68			-0.017670186
1.69			0.002205727
1.7			-0.000928599
1.71			-0.035705963
1.72			-0.094565963
1.73			-0.173045963
1.74			-0.241289441
1.75			-0.279067081
1.76			-0.290034783
1.77			-0.287597516
1.78			-0.270536646
1.79			-0.23763354
1.8			-0.187669565
1.81			-0.097978137
1.82			-0.000933473
1.83			0.0981
1.84			0.164515528
1.85			0.203511801
1.86			0.212042236
1.87			0.226665839
1.88			0.258350311
1.89			0.318063354
1.9			0.377776398
1.91			0.426521739
1.92			0.449675776
1.93			0.458206211
1.94			0.465518012
1.95			0.495983851
1.96			0.522793789
1.97			0.528886957
1.98			0.515481988
1.99			0.446019876
2			0.353403727
2.01			0.243726708
2.02			0.169390062
2.03			0.106874161
2.04			0.081770311
2.05			0.031806335
2.06			-0.024616398
2.07			-0.07811441
2.08			-0.113698509
2.09			-0.113454783
2.1			-0.067268571
2.11			0.008798534
2.12			0.106021118
2.13			0.212042236
2.14			0.318063354
2.15			0.425303106
2.16			0.538636025
2.17			0.627596273
2.18			0.677560248
2.19			0.669029814
2.2			0.60931677
2.21			0.522793789
2.22			0.437489441
2.23			0.341217391
2.24			0.251038509
2.25			0.148673292
2.26			0.027541118
2.27			-0.107970932
2.28			-0.221791304
2.29			-0.303439752
2.3			-0.329031056
2.31			-0.338780124
2.32			-0.341217391
2.33			-0.361934161
2.34			-0.387525466
2.35			-0.426521739
2.36			-0.447238509
2.37			-0.454550311
2.38			-0.431396273
2.39			-0.416772671
2.4			-0.405804969
2.41			-0.399711801
2.42			-0.382650932
2.43			-0.368027329
2.44			-0.341217391
2.45			-0.331468323
2.46			-0.347310559
2.47			-0.382650932
2.48			-0.416772671
2.49			-0.441145342
2.5			-0.403367702
2.51			-0.324156522
2.52			-0.226665839
2.53			-0.13770559
2.54			-0.076530186
2.55			-0.05995677
2.56			-0.034731056
2.57			-0.003180634
2.58			0.030343975
2.59			0.074580373
2.6			0.120522857
2.61			0.149891925
2.62			0.162078261
2.63			0.160859627
2.64			0.147454658
2.65			0.134049689
2.66			0.111748696
2.67			0.083354534
2.68			0.074945963
2.69			0.070802609
2.7			0.082257764
2.71			0.098709317
2.72			0.108823975
2.73			0.083598261
2.74			0.042408447
2.75			0.012551925
2.76			0.011869491
2.77			0.066781118
2.78			0.174264596
2.79			0.309532919
2.8			0.410679503
2.81			0.444801242
2.82			0.400930435
2.83			0.336342857
2.84			0.248601242
2.85			0.203511801
2.86			0.141361491
2.87			0.117841863
2.88			0.075677143
2.89			0.027662981
2.9			-0.044723851
2.91			-0.09700323
2.92			-0.157203727
2.93			-0.186450932
2.94			-0.182795031
2.95			-0.169390062
2.96			-0.160859627
2.97			-0.153547826
2.98			-0.187669565
2.99			-0.253475776
3			-0.344873292
3.01			-0.422865839
3.02			-0.459424845
3.03			-0.398493168
3.04			-0.327812422
3.05			-0.209604969
3.06			-0.072630559
3.07			0.058738137
3.08			0.146236025
3.09			0.203511801
3.1			0.220572671
3.11			0.173045963
3.12			0.111870559
3.13			0.024494534
3.14			-0.060444224
3.15			-0.138924224
3.16			-0.152329193
3.17			-0.145017391
3.18			-0.141361491
3.19			-0.135268323
3.2			-0.130393789
3.21			-0.11735441
3.22			-0.101634037
3.23			-0.049110932
3.24			0.035584099
3.25			0.136486957
3.26			0.187669565
3.27			0.160859627
3.28			0.071899379
3.29			-0.019863727
3.3			-0.091031925
3.31			-0.05922559
3.32			0.052644969
3.33			0.170608696
3.34			0.249819876
3.35			0.243726708
3.36			0.140142857
3.37			-0.014379876
3.38			-0.145017391
3.39			-0.236414907
3.4			-0.263224845
3.41			-0.286378882
3.42			-0.325375155
3.43			-0.337561491
3.44			-0.309532919
3.45			-0.25469441
3.46			-0.174264596
3.47			-0.081648447
3.48			-0.050573292
3.49			-0.047770435
3.5			-0.053619876
3.51			-0.071777516
3.52			-0.130393789
3.53			-0.168171429
3.54			-0.219354037
3.55			-0.27175528
3.56			-0.29612795
3.57			-0.301002484
3.58			-0.244945342
3.59			-0.184013665
3.6			-0.078967453
3.61			-0.020838634
3.62			-0.043870807
3.63			-0.101390311
3.64			-0.131612422
3.65			-0.162078261
3.66			-0.148673292
3.67			-0.121741491
3.68			-0.141361491
3.69			-0.138924224
3.7			-0.110408199
3.71			-0.065928075
3.72			0.003180634
3.73			0.096881366
3.74			0.166952795
3.75			0.248601242
3.76			0.35462236
3.77			0.382650932
3.78			0.35096646
3.79			0.318063354
3.8			0.286378882
3.81			0.17913913
3.82			0.111870559
3.83			0.058372547
3.84			-0.003704646
3.85			-0.05995677
3.86			-0.029125342
3.87			0.084451304
3.88			0.210823602
3.89			0.336342857
3.9			0.349747826
3.91			0.301002484
3.92			0.285160248
3.93			0.319281988
3.94			0.248601242
3.95			0.101999627
3.96			-0.050573292
3.97			-0.229103106
3.98			-0.374120497
3.99			-0.43383354
4			-0.432614907
4.01			-0.444801242
4.02			-0.458206211
4.03			-0.554478261
4.04			-0.654406211
4.05			-0.641001242
4.06			-0.575195031
4.07			-0.46795528
4.08			-0.404586335
4.09			-0.348529193
4.1			-0.282722981
4.11			-0.227884472
4.12			-0.293690683
4.13			-0.424084472
4.14			-0.528886957
4.15			-0.651968944
4.16			-0.656843478
4.17			-0.625159006
4.18			-0.564227329
4.19			-0.506951553
4.2			-0.338780124
4.21			-0.202293168
4.22			-0.044114534
4.23			0.022666584
4.24			0.135268323
4.25			0.242508075
4.26			0.388744099
4.27			0.426521739
4.28			0.363152795
4.29			0.15842236
4.3			-0.102121491
4.31			-0.341217391
4.32			-0.51304472
4.33			-0.534980124
4.34			-0.41311677
4.35			-0.223009938
4.36			-0.072143106
4.37			0.112114286
4.38			0.422865839
4.39			0.636126708
4.4			0.815265839
4.41			1.065085714
4.42			1.328310559
4.43			1.450173913
4.44			1.486732919
4.45			1.413614907
4.46			1.303937888
4.47			1.073616149
4.48			0.856699379
4.49			0.608098137
4.5			0.247382609
4.51			-0.192544099
4.52			-0.548385093
4.53			-0.650750311
4.54			-0.495983851
4.55			-0.229103106
4.56			0.059469317
4.57			0.207167702
4.58			0.194981366
4.59			0.187669565
4.6			0.282722981
4.61			0.265662112
4.62			0.143798758
4.63			0.042652174
4.64			-0.225447205
4.65			-0.503295652
4.66			-0.729961491
4.67			-0.811609938
4.68			-0.859136646
4.69			-0.799423602
4.7			-0.856699379
4.71			-0.792111801
4.72			-0.623940373
4.73			-0.285160248
4.74			0.11918236
4.75			0.631252174
4.76			0.86035528
4.77			0.853043478
4.78			0.66415528
4.79			0.461862112
4.8			0.102974534
4.81			-0.229103106
4.82			-0.325375155
4.83			-0.023275901
4.84			0.43017764
4.85			0.792111801
4.86			1.088239752
4.87			1.291751553
4.88			1.535478261
4.89			1.596409938
4.9			1.632968944
4.91			1.377055901
4.92			1.032182609
4.93			0.225447205
4.94			-0.45089441
4.95			-0.699495652
4.96			-0.55082236
4.97			-0.311970186
4.98			-0.017670186
4.99			0.416772671
5			0.918849689
5.01			1.140640994
5.02			1.061429814
5.03			0.88472795
5.04			0.854262112
5.05			0.862792547
5.06			0.850606211
5.07			0.653187578
5.08			0.480141615
5.09			0.515481988
5.1			0.676341615
5.11			0.528886957
5.12			0.220572671
5.13			0.044236398
5.14			-0.014867329
5.15			-0.260787578
5.16			-0.60566087
5.17			-0.776269565
5.18			-0.745803727
5.19			-0.789674534
5.2			-0.845731677
5.21			-0.893258385
5.22			-0.867667081
5.23			-0.628814907
5.24			-0.108214658
5.25			0.157203727
5.26			0.112114286
5.27			-0.026200621
5.28			0.093469193
5.29			0.084329441
5.3			0.063856398
5.31			-0.141361491
5.32			-0.114185963
5.33			-0.335124224
5.34			-0.498421118
5.35			-0.305877019
5.36			0.220572671
5.37			0.591037267
5.38			1.007809938
5.39			1.51110559
5.4			1.462360248
5.41			0.988311801
5.42			0.544729193
5.43			0.431396273
5.44			0.662936646
5.45			1.045587578
5.46			1.138203727
5.47			0.973688199
5.48			0.918849689
5.49			1.009028571
5.5			1.157701863
5.51			1.119924224
5.52			0.779925466
5.53			0.118329317
5.54			-0.393618634
5.55			-0.368027329
5.56			0.050085839
5.57			0.349747826
5.58			0.498421118
5.59			0.82257764
5.6			0.956627329
5.61			1.01877764
5.62			1.088239752
5.63			1.140640994
5.64			0.948096894
5.65			0.673904348
5.66			0.377776398
5.67			0.126737888
5.68			-0.210823602
5.69			-0.331468323
5.7			-0.3924
5.71			-0.45089441
5.72			-0.682434783
5.73			-0.600786335
5.74			-0.357059627
5.75			-0.266880745
5.76			-0.29247205
5.77			-0.121375901
5.78			0.01852323
5.79			0.056179006
5.8			-0.081160994
5.81			-0.343654658
5.82			-0.608098137
5.83			-0.796986335
5.84			-1.11870559
5.85			-1.303937888
5.86			-0.996842236
5.87			-0.74336646
5.88			-0.829889441
5.89			-1.111393789
5.9			-1.255192547
5.91			-1.024870807
5.92			-1.028526708
5.93			-1.267378882
5.94			-1.303937888
5.95			-1.149171429
5.96			-0.857918012
5.97			-0.88107205
5.98			-0.798204969
5.99			-0.856699379
6			-1.230819876
6.01			-1.364869565
6.02			-1.174762733
6.03			-0.983437267
6.04			-0.82623354
6.05			-0.63003354
6.06			-0.656843478
6.07			-0.694621118
6.08			-0.53010559
6.09			-0.573976398
6.1			-0.970032298
6.11			-1.255192547
6.12			-0.971250932
6.13			-0.48867205
6.14			0.116379503
6.15			0.532542857
6.16			0.552040994
6.17			0.246163975
6.18			0.044845714
6.19			0.079820497
6.2			0.09956236
6.21			0.13770559
6.22			0.136486957
6.23			0.363152795
6.24			0.385088199
6.25			0.244945342
6.26			0.12064472
6.27			0.294909317
6.28			0.810391304
6.29			1.474546584
6.3			1.840136646
6.31			1.901068323
6.32			1.962
6.33			1.815763975
6.34			1.210103106
6.35			0.661718012
6.36			0.520356522
6.37			0.444801242
6.38			0.269318012
6.39			0.374120497
6.4			0.623940373
6.41			0.718993789
6.42			0.553259627
6.43			0.465518012
6.44			0.37533913
6.45			0.232759006
6.46			0.056544596
6.47			-0.090666335
6.48			-0.298565217
6.49			-0.37533913
6.5			-0.342436025
6.51			0.006397826
6.52			0.486234783
6.53			0.644657143
6.54			0.554478261
6.55			0.439926708
6.56			0.498421118
6.57			0.536198758
6.58			0.388744099
6.59			0.264443478
6.6			0.327812422
6.61			0.82623354
6.62			1.401428571
6.63			1.596409938
6.64			1.377055901
6.65			1.032182609
6.66			0.602004969
6.67			0.517919255
6.68			0.348529193
6.69			0.212042236
6.7			0.131612422
6.71			0.397274534
6.72			0.443582609
6.73			0.41311677
6.74			0.155985093
6.75			-0.126737888
6.76			-0.143798758
6.77			0.276629814
6.78			0.427740373
6.79			0.07738323
6.8			-0.410679503
6.81			-0.628814907
6.82			-0.923724224
6.83			-1.030963975
6.84			-0.896914286
6.85			-0.573976398
6.86			-0.449675776
6.87			-0.399711801
6.88			-0.078358137
6.89			0.683653416
6.9			1.401428571
6.91			1.840136646
6.92			1.827950311
6.93			1.547664596
6.94			1.095551553
6.95			0.855480745
6.96			0.459424845
6.97			0.003070957
6.98			-0.241289441
6.99			-0.290034783
7			-0.712900621
7.01			-1.094332919
7.02			-1.584223602
7.03			-1.767018634
7.04			-1.64515528
7.05			-1.35268323
7.06			-1.163795031
7.07			-1.029745342
7.08			-0.92250559
7.09			-0.850606211
7.1			-0.898132919
7.11			-0.840857143
7.12			-0.662936646
7.13			-0.339998758
7.14			0.112236149
7.15			0.577632298
7.16			0.307095652
7.17			0.140142857
7.18			0.410679503
7.19			0.738491925
7.2			0.66415528
7.21			0.600786335
7.22			0.581288199
7.23			0.376557764
7.24			-0.041311677
7.25			-0.656843478
7.26			-1.128454658
7.27			-1.462360248
7.28			-1.608596273
7.29			-1.693900621
7.3			-1.632968944
7.31			-1.340496894
7.32			-0.694621118
7.33			-0.165734161
7.34			0.149891925
7.35			0.109798882
7.36			0.101755901
7.37			0.034731056
7.38			-0.294909317
7.39			-0.799423602
7.4			-1.199135404
7.41			-1.389242236
7.42			-0.838419876
7.43			0.014745466
7.44			0.717775155
7.45			0.879853416
7.46			0.610535404
7.47			-0.049963975
7.48			-0.419209938
7.49			-0.503295652
7.5			-0.487453416
7.51			-0.45089441
7.52			-0.042286584
7.53			0.272973913
7.54			0.480141615
7.55			0.555696894
7.56			0.249819876
7.57			-0.185232298
7.58			-0.404586335
7.59			-0.597130435
7.6			-0.959064596
7.61			-1.005372671
7.62			-0.894477019
7.63			-0.712900621
7.64			-0.526449689
7.65			-0.580069565
7.66			-0.887165217
7.67			-0.872541615
7.68			-0.497202484
7.69			-0.495983851
7.7			-0.599567702
7.71			-0.549603727
7.72			-0.453331677
7.73			-0.704370186
7.74			-0.874978882
7.75			-0.90178882
7.76			-0.671467081
7.77			-0.377776398
7.78			-0.005313242
7.79			0.242508075
7.8			0.352185093
7.81			0.208386335
7.82			0.124300621
7.83			0.05630087
7.84			0.09846559
7.85			0.084695031
7.86			0.001876696
7.87			0.023763354
7.88			0.231540373
7.89			0.359496894
7.9			0.012430062
7.91			-0.291253416
7.92			-0.314407453
7.93			-0.480141615
7.94			-0.720212422
7.95			-0.698277019
7.96			-0.572757764
7.97			-0.503295652
7.98			-0.520356522
7.99			-0.543510559
8			-0.782362733
8.01			-0.910319255
8.02			-1.079709317
8.03			-0.832326708
8.04			-0.45089441
8.05			-0.07665205
8.06			0.089569565
8.07			0.023397764
8.08			0.024250807
8.09			0.37168323
8.1			0.834763975
8.11			0.932254658
8.12			0.615409938
8.13			0.029734658
8.14			-0.294909317
8.15			-0.528886957
8.16			-0.619065839
8.17			-0.209604969
8.18			0.466736646
8.19			0.693402484
8.2			0.399711801
8.21			0.143798758
8.22			0.000960283
8.23			0.247382609
8.24			0.37533913
8.25			0.572757764
8.26			0.725086957
8.27			0.990749068
8.28			0.888383851
8.29			0.867667081
8.3			0.589818634
8.31			0.304658385
8.32			-0.092981739
8.33			-0.47161118
8.34			-1.055336646
8.35			-1.189386335
8.36			-1.389242236
8.37			-1.559850932
8.38			-1.572037267
8.39			-1.35268323
8.4			-0.895695652
8.41			-0.339998758
8.42			-0.030831429
8.43			-0.071533789
8.44			-0.17913913
8.45			-0.400930435
8.46			-0.625159006
8.47			-0.508170186
8.48			-0.493546584
8.49			-0.51304472
8.5			-0.208386335
8.51			0.442363975
8.52			1.303937888
8.53			1.523291925
8.54			1.572037267
8.55			1.572037267
8.56			1.547664596
8.57			1.596409938
8.58			1.523291925
8.59			1.340496894
8.6			1.450173913
8.61			1.401428571
8.62			1.303937888
8.63			1.230819876
8.64			0.907881988
8.65			0.63003354
8.66			0.789674534
8.67			0.553259627
8.68			0.17913913
8.69			-0.105655528
8.7			-0.185232298
8.71			-0.35096646
8.72			-0.491109317
8.73			-0.525231056
8.74			-0.410679503
8.75			-0.1962
8.76			0.054716646
8.77			0.17913913
8.78			0.036437143
8.79			-0.145017391
8.8			-0.180357764
8.81			-0.279067081
8.82			-0.455768944
8.83			-0.543510559
8.84			-0.483797516
8.85			-0.241289441
8.86			0.138924224
8.87			0.40946087
8.88			0.610535404
8.89			1.013903106
8.9			1.389242236
8.91			1.498919255
8.92			1.474546584
8.93			1.572037267
8.94			1.791391304
8.95			1.876695652
8.96			1.791391304
8.97			1.401428571
8.98			0.654406211
8.99			0.074580373
9			-0.308314286
9.01			-0.277848447
9.02			-0.039849317
9.03			-0.160859627
9.04			-0.480141615
9.05			-0.608098137
9.06			-0.57153913
9.07			-0.240070807
9.08			-0.084085714
9.09			0.062394037
9.1			0.29612795
9.11			0.559352795
9.12			0.257131677
9.13			0.064709441
9.14			-0.102121491
9.15			-0.407023602
9.16			-0.821359006
9.17			-1.163795031
9.18			-1.267378882
9.19			-0.96393913
9.2			-0.543510559
9.21			-0.31684472
9.22			-0.466736646
9.23			-0.88107205
9.24			-1.21863354
9.25			-1.450173913
9.26			-1.815763975
9.27			-1.742645963
9.28			-1.64515528
9.29			-1.474546584
9.3			-0.857918012
9.31			-0.001255193
9.32			0.57153913
9.33			0.683653416
9.34			0.703151553
9.35			0.722649689
9.36			0.591037267
9.37			0.458206211
9.38			0.602004969
9.39			0.803079503
9.4			1.054118012
9.41			1.291751553
9.42			1.401428571
9.43			1.205228571
9.44			0.954190062
9.45			0.873760248
9.46			1.147952795
9.47			1.523291925
9.48			1.876695652
9.49			1.852322981
9.5			1.437987578
9.51			1.188167702
9.52			1.138203727
9.53			0.778706832
9.54			0.508170186
9.55			0.582506832
9.56			0.855480745
9.57			1.048024845
9.58			1.316124224
9.59			1.35268323
9.6			1.243006211
9.61			1.090677019
9.62			0.859136646
9.63			0.783581366
9.64			0.798204969
9.65			0.786018634
9.66			0.695839752
9.67			0.662936646
9.68			0.180357764
9.69			-0.151110559
9.7			-0.348529193
9.71			-0.655624845
9.72			-0.810391304
9.73			-0.807954037
9.74			-0.686090683
9.75			-0.297346584
9.76			0.170608696
9.77			0.280285714
9.78			0.400930435
9.79			0.463080745
9.8			0.192544099
9.81			-0.298565217
9.82			-0.72630559
9.83			-0.890821118
9.84			-1.065085714
9.85			-1.213759006
9.86			-1.291751553
9.87			-0.991967702
9.88			-0.734836025
9.89			-0.611754037
9.9			-0.569101863
9.91			-0.360715528
9.92			-0.236414907
9.93			-0.249819876
9.94			-0.303439752
9.95			-0.23763354
9.96			-0.331468323
9.97			-0.405804969
9.98			-0.298565217
9.99			-0.00369246
10			0.11918236
10.01			0.315626087
10.02			0.60566087
10.03			0.594693168
10.04			0.536198758
10.05			0.51304472
10.06			0.255913043
10.07			0.086401118
10.08			-0.033512422
10.09			0.05666646
10.1			0.293690683
10.11			0.68852795
10.12			0.768957764
10.13			0.76408323
10.14			0.594693168
10.15			0.400930435
10.16			0.285160248
10.17			-0.127956522
10.18			-0.729961491
10.19			-1.230819876
10.2			-1.840136646
10.21			-1.901068323
10.22			-1.876695652
10.23			-1.80357764
10.24			-1.632968944
10.25			-1.389242236
10.26			-0.944440994
10.27			-1.13942236
10.28			-1.66952795
10.29			-1.620782609
10.3			-1.706086957
10.31			-1.535478261
10.32			-1.413614907
10.33			-0.74702236
10.34			-0.121863354
10.35			0.330249689
10.36			0.491109317
10.37			0.439926708
10.38			0.218135404
10.39			-0.138924224
10.4			-0.27175528
10.41			-0.582506832
10.42			-0.932254658
10.43			-0.877416149
10.44			-0.400930435
10.45			0.033756149
10.46			0.260787578
10.47			0.326593789
10.48			0.051182609
10.49			0.241289441
10.5			0.82623354
10.51			1.191823602
10.52			0.872541615
10.53			0.393618634
10.54			0.1962
10.55			0.260787578
10.56			0.537417391
10.57			0.895695652
10.58			1.010247205
10.59			0.625159006
10.6			-0.033268696
10.61			-0.796986335
10.62			-1.032182609
10.63			-1.124798758
10.64			-1.029745342
10.65			-0.911537888
10.66			-0.29612795
10.67			-0.060444224
10.68			-0.123081988
10.69			-0.201074534
10.7			-0.262006211
10.71			-0.03704646
10.72			0.078601863
10.73			0.115039006
10.74			0.232759006
10.75			0.318063354
10.76			0.165734161
10.77			-0.151110559
10.78			-0.482578882
10.79			-1.002935404
10.8			-1.303937888
10.81			-1.267378882
10.82			-0.90544472
10.83			-0.505732919
10.84			0.027053665
10.85			0.612972671
10.86			1.166232298
10.87			1.21863354
10.88			0.720212422
10.89			-0.012308199
10.9			-0.718993789
10.91			-0.944440994
10.92			-0.443582609
10.93			-0.062394037
10.94			-0.251038509
10.95			-0.264443478
10.96			-0.119426087
10.97			-0.051304472
10.98			-0.107239752
10.99			-0.374120497
11			-0.348529193
11.01			-0.221791304
11.02			0.305877019
11.03			0.502077019
11.04			0.498421118
11.05			0.241289441
11.06			0.146236025
11.07			0.163296894
11.08			0.520356522
11.09			0.481360248
11.1			0.428959006
11.11			0.524012422
11.12			0.565445963
11.13			0.443582609
11.14			-0.017548323
11.15			-0.127956522
11.16			0.140142857
11.17			0.307095652
11.18			0.404586335
11.19			0.347310559
11.2			0.219354037
11.21			-0.005873814
11.22			-0.247382609
11.23			-0.666592547
11.24			-0.834763975
11.25			-1.072397516
11.26			-0.750678261
11.27			-0.27175528
11.28			0.151110559
11.29			0.319281988
11.3			0.404586335
11.31			0.446019876
11.32			0.231540373
11.33			-0.126737888
11.34			-0.335124224
11.35			-0.606879503
11.36			-0.729961491
11.37			-0.748240994
11.38			-0.970032298
11.39			-0.934691925
11.4			-0.855480745
11.41			-0.627596273
11.42			-0.382650932
11.43			-0.359496894
11.44			-0.494765217
11.45			-0.510607453
11.46			-0.103583851
11.47			0.225447205
11.48			0.511826087
11.49			0.723868323
11.5			0.862792547
11.51			0.681216149
11.52			0.552040994
11.53			0.405804969
11.54			0.035096646
11.55			-0.043383354
11.56			0.104315031
11.57			0.372901863
11.58			0.424084472
11.59			0.431396273
11.6			0.432614907
11.61			0.527668323
11.62			0.627596273
11.63			0.447238509
11.64			0.111017516
11.65			-0.212042236
11.66			-0.432614907
11.67			-0.595911801
11.68			-0.754334161
11.69			-0.859136646
11.7			-0.804298137
11.71			-0.703151553
11.72			-0.604442236
11.73			-0.527668323
11.74			-0.348529193
11.75			-0.336342857
11.76			-0.044845714
11.77			0.368027329
11.78			0.679997516
11.79			0.796986335
11.8			1.019996273
11.81			1.168669565
11.82			1.267378882
11.83			1.425801242
11.84			1.462360248
11.85			1.608596273
11.86			1.316124224
11.87			0.828670807
11.88			0.247382609
11.89			-0.045089441
11.9			-0.09590646
11.91			-0.061662857
11.92			0.102730807
11.93			0.281504348
11.94			0.280285714
11.95			0.129175155
11.96			-0.083110807
11.97			-0.553259627
11.98			-0.825014907
11.99			-0.783581366
12			-0.352185093
12.01			-0.070802609
12.02			0.337561491
12.03			0.561790062
12.04			0.677560248
12.05			0.645875776
12.06			0.442363975
12.07			0.255913043
12.08			0.103461988
12.09			0.012308199
12.1			-0.422865839
12.11			-0.865229814
12.12			-0.90178882
12.13			-1.015121739
12.14			-0.978562733
12.15			-0.854262112
12.16			-0.955408696
12.17			-0.982218634
12.18			-0.823796273
12.19			-0.733617391
12.2			-0.565445963
12.21			-0.142580124
12.22			0.431396273
12.23			0.70558882
12.24			0.815265839
12.25			0.862792547
12.26			0.88107205
12.27			0.894477019
12.28			1.062648447
12.29			1.216196273
12.3			1.200354037
12.31			1.243006211
12.32			1.316124224
12.33			1.51110559
12.34			1.584223602
12.35			1.584223602
12.36			1.279565217
12.37			0.66415528
12.38			0.152329193
12.39			-0.27541118
12.4			-0.693402484
12.41			-0.906663354
12.42			-0.877416149
12.43			-0.621503106
12.44			-0.288816149
12.45			0.002949093
12.46			-0.046429938
12.47			-0.111626832
12.48			0.030100248
12.49			0.357059627
12.5			0.478922981
12.51			0.57153913
12.52			0.60931677
12.53			0.573976398
12.54			0.510607453
12.55			0.378995031
12.56			0.184013665
12.57			0.067999752
12.58			-0.058616273
12.59			-0.266880745
12.6			-0.464299379
12.61			-0.393618634
12.62			-0.140142857
12.63			-0.026566211
12.64			0.005032957
12.65			-0.11918236
12.66			-0.241289441
12.67			-0.442363975
12.68			-0.649531677
12.69			-0.717775155
12.7			-0.662936646
12.71			-0.425303106
12.72			-0.092981739
12.73			-0.143798758
12.74			-0.497202484
12.75			-0.878634783
12.76			-1.072397516
12.77			-1.303937888
12.78			-1.267378882
12.79			-1.037057143
12.8			-0.839638509
12.81			-0.783581366
12.82			-0.748240994
12.83			-0.720212422
12.84			-0.49232795
12.85			-0.187669565
12.86			0.157203727
12.87			0.475267081
12.88			0.854262112
12.89			1.055336646
12.9			1.163795031
12.91			0.853043478
12.92			0.236414907
12.93			-0.532542857
12.94			-1.133329193
12.95			-1.596409938
12.96			-1.742645963
12.97			-1.681714286
12.98			-1.572037267
12.99			-1.425801242
13			-1.267378882
13.01			-1.377055901
13.02			-1.462360248
13.03			-1.486732919
13.04			-1.389242236
13.05			-1.124798758
13.06			-0.929817391
13.07			-0.631252174
13.08			-0.448457143
13.09			-0.378995031
13.1			-0.408242236
13.11			-0.439926708
13.12			-0.435052174
13.13			-0.236414907
13.14			0.09956236
13.15			0.344873292
13.16			0.772613665
13.17			1.230819876
13.18			1.681714286
13.19			1.767018634
13.2			1.864509317
13.21			1.779204969
13.22			1.64515528
13.23			1.657341615
13.24			1.657341615
13.25			1.620782609
13.26			1.608596273
13.27			1.547664596
13.28			1.437987578
13.29			1.02243354
13.3			0.449675776
13.31			0.194981366
13.32			0.047648571
13.33			-0.000665374
13.34			-0.045698758
13.35			-0.085182484
13.36			-0.285160248
13.37			-0.320500621
13.38			-0.283941615
13.39			-0.218135404
13.4			-0.146236025
13.41			-0.163296894
13.42			-0.086401118
13.43			0.04106795
13.44			0.249819876
13.45			0.673904348
13.46			0.756771429
13.47			0.670248447
13.48			0.387525466
13.49			0.083476398
13.5			-0.065075031
13.51			0.135268323
13.52			0.376557764
13.53			0.541073292
13.54			0.460643478
13.55			0.281504348
13.56			-0.027297391
13.57			-0.240070807
13.58			-0.343654658
13.59			-0.187669565
13.6			0.015598509
13.61			0.258350311
13.62			0.280285714
13.63			0.188888199
13.64			0.012113217
13.65			-0.168171429
13.66			-0.166952795
13.67			-0.439926708
13.68			-0.510607453
13.69			-0.447238509
13.7			-0.446019876
13.71			-0.454550311
13.72			-0.224228571
13.73			0.013039379
13.74			0.145017391
13.75			0.170608696
13.76			0.214479503
13.77			0.329031056
13.78			0.645875776
13.79			1.011465839
13.8			1.255192547
13.81			1.389242236
13.82			1.255192547
13.83			1.009028571
13.84			0.756771429
13.85			0.474048447
13.86			0.235196273
13.87			0.288816149
13.88			0.290034783
13.89			0.157203727
13.9			0.112358012
13.91			0.015232919
13.92			-0.107970932
13.93			-0.290034783
13.94			-0.431396273
13.95			-0.486234783
13.96			-0.366808696
13.97			-0.187669565
13.98			-0.184013665
13.99			-0.123081988
14			-0.185232298
14.01			-0.262006211
14.02			-0.469173913
14.03			-0.558134161
14.04			-0.698277019
14.05			-0.703151553
14.06			-0.62637764
14.07			-0.521575155
14.08			-0.517919255
14.09			-0.459424845
14.1			-0.35462236
14.11			-0.369245963
14.12			-0.461862112
14.13			-0.463080745
14.14			-0.262006211
14.15			0.138924224
14.16			0.46795528
14.17			0.756771429
14.18			0.818921739
14.19			0.682434783
14.2			0.3924
14.21			0.13770559
14.22			-0.210823602
14.23			-0.335124224
14.24			-0.33390559
14.25			-0.240070807
14.26			-0.13770559
14.27			0.067877888
14.28			0.11954795
14.29			0.097246957
14.3			0.046795528
14.31			-0.000708026
14.32			-0.074702236
14.33			-0.033999876
14.34			0.065684348
14.35			0.047039255
14.36			0.112601739
14.37			0.173045963
14.38			0.209604969
14.39			0.070680745
14.4			-0.169390062
14.41			-0.320500621
14.42			-0.347310559
14.43			-0.230321739
14.44			0.060809814
14.45			0.336342857
14.46			0.638563975
14.47			0.850606211
14.48			1.000498137
14.49			0.982218634
14.5			0.868885714
14.51			0.670248447
14.52			0.645875776
14.53			0.480141615
14.54			0.260787578
14.55			-0.023275901
14.56			-0.166952795
14.57			-0.21326087
14.58			-0.185232298
14.59			-0.147454658
14.6			-0.072630559
14.61			-0.227884472
14.62			-0.427740373
14.63			-0.649531677
14.64			-0.704370186
14.65			-0.586162733
14.66			-0.464299379
14.67			-0.442363975
14.68			-0.477704348
14.69			-0.560571429
14.7			-0.466736646
14.71			-0.431396273
14.72			-0.417991304
14.73			-0.53010559
14.74			-0.699495652
14.75			-0.854262112
14.76			-0.962720497
14.77			-1.13942236
14.78			-1.100426087
14.79			-1.10164472
14.8			-1.132110559
14.81			-1.186949068
14.82			-1.230819876
14.83			-1.205228571
14.84			-1.21863354
14.85			-1.123580124
14.86			-0.894477019
14.87			-0.776269565
14.88			-0.564227329
14.89			-0.487453416
14.9			-0.385088199
14.91			-0.199855901
14.92			0.030222112
14.93			0.17913913
14.94			0.320500621
14.95			0.290034783
14.96			0.252257143
14.97			0.192544099
14.98			-0.01742646
14.99			-0.252257143
15			-0.403367702
15.01			-0.360715528
15.02			-0.202293168
15.03			-0.073118012
15.04			-0.00711682
15.05			0.012076658
15.06			0.01815764
15.07			0.005617901
15.08			-0.230321739
15.09			-0.391181366
15.1			-0.474048447
15.11			-0.561790062
15.12			-0.555696894
15.13			-0.658062112
15.14			-0.778706832
15.15			-0.92250559
15.16			-0.996842236
15.17			-1.069960248
15.18			-1.105300621
15.19			-1.063867081
15.2			-0.789674534
15.21			-0.495983851
15.22			-0.247382609
15.23			-0.105168075
15.24			-0.047161118
15.25			0.052035652
15.26			0.121863354
15.27			0.221791304
15.28			0.403367702
15.29			0.700714286
15.3			0.938347826
15.31			1.08092795
15.32			1.149171429
15.33			1.208884472
15.34			1.21497764
15.35			1.136985093
15.36			1.136985093
15.37			1.147952795
15.38			1.184511801
15.39			1.162576398
15.4			1.168669565
15.41			1.017559006
15.42			0.772613665
15.43			0.439926708
15.44			0.153547826
15.45			-0.190106832
15.46			-0.353403727
15.47			-0.493546584
15.48			-0.565445963
15.49			-0.715337888
15.5			-0.814047205
15.51			-1.01877764
15.52			-1.174762733
15.53			-1.279565217
15.54			-1.243006211
15.55			-1.104081988
15.56			-0.935910559
15.57			-0.768957764
15.58			-0.623940373
15.59			-0.48867205
15.6			-0.40946087
15.61			-0.360715528
15.62			-0.349747826
15.63			-0.281504348
15.64			-0.116013913
15.65			0.032781242
15.66			0.23397764
15.67			0.378995031
15.68			0.559352795
15.69			0.617847205
15.7			0.690965217
15.71			0.749459627
15.72			0.837201242
15.73			0.938347826
15.74			1.134547826
15.75			1.291751553
15.76			1.413614907
15.77			1.425801242
15.78			1.413614907
15.79			1.291751553
15.8			1.108956522
15.81			1.021214907
15.82			0.984655901
15.83			1.016340373
15.84			1.015121739
15.85			0.979781366
15.86			0.924942857
15.87			0.844513043
15.88			0.76773913
15.89			0.686090683
15.9			0.650750311
15.91			0.655624845
15.92			0.710463354
15.93			0.792111801
15.94			0.890821118
15.95			0.938347826
15.96			0.965157764
15.97			0.96393913
15.98			0.885946584
15.99			0.807954037
16			0.748240994
16.01			0.721431056
16.02			0.708026087
16.03			0.636126708
16.04			0.600786335
16.05			0.495983851
16.06			0.348529193
16.07			0.181576398
16.08			0.014989193
16.09			-0.059713043
16.1			-0.074824099
16.11			-0.089082112
16.12			-0.042042857
16.13			-0.035340373
16.14			-0.089569565
16.15			-0.180357764
16.16			-0.29612795
16.17			-0.363152795
16.18			-0.408242236
16.19			-0.386306832
16.2			-0.309532919
16.21			-0.242508075
16.22			-0.168171429
16.23			-0.125519255
16.24			-0.131612422
16.25			-0.143798758
16.26			-0.166952795
16.27			-0.159640994
16.28			-0.152329193
16.29			-0.171827329
16.3			-0.157203727
16.31			-0.163296894
16.32			-0.192544099
16.33			-0.204730435
16.34			-0.263224845
16.35			-0.31684472
16.36			-0.35462236
16.37			-0.3924
16.38			-0.408242236
16.39			-0.378995031
16.4			-0.365590062
16.41			-0.383869565
16.42			-0.435052174
16.43			-0.541073292
16.44			-0.683653416
16.45			-0.806735404
16.46			-0.90544472
16.47			-0.999279503
16.48			-1.032182609
16.49			-1.05655528
16.5			-1.065085714
16.51			-1.013903106
16.52			-0.984655901
16.53			-0.877416149
16.54			-0.793330435
16.55			-0.675122981
16.56			-0.565445963
16.57			-0.461862112
16.58			-0.374120497
16.59			-0.269318012
16.6			-0.17548323
16.61			-0.093712919
16.62			-0.000117842
16.63			0.089569565
16.64			0.169390062
16.65			0.214479503
16.66			0.269318012
16.67			0.29612795
16.68			0.321719255
16.69			0.338780124
16.7			0.347310559
16.71			0.364371429
16.72			0.361934161
16.73			0.35462236
16.74			0.370464596
16.75			0.352185093
16.76			0.315626087
16.77			0.29247205
16.78			0.225447205
16.79			0.160859627
16.8			0.104802484
16.81			0.024494534
16.82			-0.043505217
16.83			-0.140142857
16.84			-0.241289441
16.85			-0.326593789
16.86			-0.37533913
16.87			-0.424084472
16.88			-0.405804969
16.89			-0.35462236
16.9			-0.27175528
16.91			-0.220572671
16.92			-0.170608696
16.93			-0.140142857
16.94			-0.124300621
16.95			-0.094931553
16.96			-0.082867081
16.97			-0.054960373
16.98			-0.063490807
16.99			-0.11479528
17			-0.193762733
17.01			-0.29612795
17.02			-0.419209938
17.03			-0.503295652
17.04			-0.56788323
17.05			-0.599567702
17.06			-0.602004969
17.07			-0.552040994
17.08			-0.514263354
17.09			-0.452113043
17.1			-0.415554037
17.11			-0.377776398
17.12			-0.327812422
17.13			-0.251038509
17.14			-0.185232298
17.15			-0.090666335
17.16			-0.001133329
17.17			0.071290062
17.18			0.127956522
17.19			0.153547826
17.2			0.132831056
17.21			0.123081988
17.22			0.109920745
17.23			0.146236025
17.24			0.208386335
17.25			0.270536646
17.26			0.355840994
17.27			0.408242236
17.28			0.438708075
17.29			0.465518012
17.3			0.482578882
17.31			0.522793789
17.32			0.582506832
17.33			0.625159006
17.34			0.665373913
17.35			0.676341615
17.36			0.641001242
17.37			0.573976398
17.38			0.456987578
17.39			0.353403727
17.4			0.221791304
17.41			0.127956522
17.42			0.04216472
17.43			-0.024738261
17.44			-0.088472795
17.45			-0.17548323
17.46			-0.281504348
17.47			-0.365590062
17.48			-0.447238509
17.49			-0.503295652
17.5			-0.503295652
17.51			-0.477704348
17.52			-0.427740373
17.53			-0.358278261
17.54			-0.308314286
17.55			-0.246163975
17.56			-0.180357764
17.57			-0.121132174
17.58			-0.040824224
17.59			0.062759627
17.6			0.17548323
17.61			0.287597516
17.62			0.402149068
17.63			0.475267081
17.64			0.510607453
17.65			0.528886957
17.66			0.502077019
17.67			0.481360248
17.68			0.442363975
17.69			0.438708075
17.7			0.459424845
17.71			0.483797516
17.72			0.482578882
17.73			0.464299379
17.74			0.404586335
17.75			0.327812422
17.76			0.240070807
17.77			0.174264596
17.78			0.148673292
17.79			0.129175155
17.8			0.109311429
17.81			0.076164596
17.82			0.024494534
17.83			-0.049598385
17.84			-0.140142857
17.85			-0.204730435
17.86			-0.249819876
17.87			-0.27175528
17.88			-0.257131677
17.89			-0.224228571
17.9			-0.177920497
17.91			-0.145017391
17.92			-0.125519255
17.93			-0.12027913
17.94			-0.110895652
17.95			-0.099806087
17.96			-0.067999752
17.97			-0.007007143
17.98			0.046551801
17.99			0.087863478
18			0.088107205
18.01			0.044845714
18.02			-0.013648696
18.03			-0.094687826
18.04			-0.15842236
18.05			-0.197418634
18.06			-0.21691677
18.07			-0.230321739
18.08			-0.246163975
18.09			-0.265662112
18.1			-0.297346584
18.11			-0.329031056
18.12			-0.353403727
18.13			-0.363152795
18.14			-0.357059627
18.15			-0.31684472
18.16			-0.258350311
18.17			-0.197418634
18.18			-0.126737888
18.19			-0.08030795
18.2			-0.046795528
18.21			-0.02254472
18.22			0.007665205
18.23			0.063856398
18.24			0.125519255
18.25			0.192544099
18.26			0.258350311
18.27			0.27541118
18.28			0.27175528
18.29			0.244945342
18.3			0.198637267
18.31			0.157203727
18.32			0.138924224
18.33			0.118329317
18.34			0.114307826
18.35			0.093712919
18.36			0.063003354
18.37			0.01925441
18.38			-0.035584099
18.39			-0.093469193
18.4			-0.163296894
18.41			-0.224228571
18.42			-0.280285714
18.43			-0.319281988
18.44			-0.339998758
18.45			-0.35096646
18.46			-0.346091925
18.47			-0.344873292
18.48			-0.357059627
18.49			-0.365590062
18.5			-0.352185093
18.51			-0.33390559
18.52			-0.276629814
18.53			-0.226665839
18.54			-0.176701863
18.55			-0.140142857
18.56			-0.101146584
18.57			-0.086157391
18.58			-0.036802733
18.59			0.015232919
18.6			0.064343851
18.61			0.110895652
18.62			0.142580124
18.63			0.162078261
18.64			0.17548323
18.65			0.177920497
18.66			0.185232298
18.67			0.187669565
18.68			0.184013665
18.69			0.182795031
18.7			0.174264596
18.71			0.171827329
18.72			0.164515528
18.73			0.162078261
18.74			0.166952795
18.75			0.163296894
18.76			0.159640994
18.77			0.160859627
18.78			0.163296894
18.79			0.15842236
18.8			0.151110559
18.81			0.135268323
18.82			0.125519255
18.83			0.101390311
18.84			0.092616149
18.85			0.086035528
18.86			0.076164596
18.87			0.064343851
18.88			0.039849317
18.89			0.011260174
18.9			-0.013526832
18.91			-0.035096646
18.92			-0.040458634
18.93			-0.023275901
18.94			-0.018279503
18.95			-0.002400708
18.96			0.000984656
18.97			0.00296128
18.98			-0.000252257
18.99			0.006178472
19			0.015842236
19.01			0.027419255
19.02			0.032050062
19.03			0.01925441
19.04			-0.000361934
19.05			-0.020838634
19.06			-0.041189814
19.07			-0.053254286
19.08			-0.045211304
19.09			-0.039727453
19.1			-0.019863727
19.11			0.009749068
19.12			0.030465839
19.13			0.056544596
19.14			0.072021242
19.15			0.07811441
19.16			0.066415528
19.17			0.047161118
19.18			0.028637888
19.19			0.020960497
19.2			0.012795652
19.21			0.015111056
19.22			0.003363429
19.23			-0.009285988
19.24			-0.032293789
19.25			-0.048136025
19.26			-0.051426335
19.27			-0.049232795
19.28			-0.021691677
19.29			0.001913255
19.3			0.043017764
19.31			0.074214783
19.32			0.111626832
19.33			0.138924224
19.34			0.173045963
19.35			0.208386335
19.36			0.248601242
19.37			0.293690683
19.38			0.332686957
19.39			0.366808696
19.4			0.376557764
19.41			0.376557764
19.42			0.358278261
19.43			0.336342857
19.44			0.307095652
19.45			0.279067081
19.46			0.258350311
19.47			0.236414907
19.48			0.212042236
19.49			0.188888199
19.5			0.157203727
19.51			0.121497764
19.52			0.079333043
19.53			0.032537516
19.54			0.006080981
19.55			-0.020473043
19.56			-0.028028571
19.57			-0.038630683
19.58			-0.038021366
19.59			-0.032293789
19.6			-0.032781242
19.61			-0.030100248
19.62			-0.012917516
19.63			0.004228658
19.64			0.038752547
19.65			0.075433416
19.66			0.120157267
19.67			0.159640994
19.68			0.188888199
19.69			0.201074534
19.7			0.184013665
19.71			0.163296894
19.72			0.135268323
19.73			0.125519255
19.74			0.126737888
19.75			0.132831056
19.76			0.138924224
19.77			0.141361491
19.78			0.121375901
19.79			0.087376025
19.8			0.051182609
19.81			0.013770559
19.82			-0.010687416
19.83			-0.020960497
19.84			-0.030709565
19.85			-0.033146832
19.86			-0.043261491
19.87			-0.062759627
19.88			-0.092738012
19.89			-0.129175155
19.9			-0.160859627
19.91			-0.186450932
19.92			-0.190106832
19.93			-0.1962
19.94			-0.194981366
19.95			-0.194981366
19.96			-0.219354037
19.97			-0.252257143
19.98			-0.288816149
19.99			-0.322937888
20			-0.342436025
20.01			-0.344873292
20.02			-0.331468323
20.03			-0.308314286
20.04			-0.293690683
20.05			-0.291253416
20.06			-0.29612795
20.07			-0.307095652
20.08			-0.308314286
20.09			-0.308314286
20.1			-0.288816149
20.11			-0.260787578
20.12			-0.229103106
20.13			-0.199855901
20.14			-0.170608696
20.15			-0.151110559
20.16			-0.134049689
20.17			-0.119060497
20.18			-0.09992795
20.19			-0.077992547
20.2			-0.049110932
20.21			-0.017913913
20.22			0.002486012
20.23			0.012673789
20.24			-0.001657342
20.25			-0.029369068
20.26			-0.056788323
20.27			-0.075677143
20.28			-0.082867081
20.29			-0.076895776
20.3			-0.065684348
20.31			-0.071168199
20.32			-0.080795404
20.33			-0.113211056
20.34			-0.147454658
20.35			-0.174264596
20.36			-0.202293168
20.37			-0.223009938
20.38			-0.240070807
20.39			-0.255913043
20.4			-0.260787578
20.41			-0.259568944
20.42			-0.257131677
20.43			-0.25469441
20.44			-0.246163975
20.45			-0.232759006
20.46			-0.21691677
20.47			-0.182795031
20.48			-0.138924224
20.49			-0.094200373
20.5			-0.046064348
20.51			-0.01925441
20.52			-0.003010025
20.53			0.013283106
20.54			0.025956894
20.55			0.045576894
20.56			0.071533789
20.57			0.094931553
20.58			0.115282733
20.59			0.113576646
20.6			0.105168075
20.61			0.091641242
20.62			0.081282857
20.63			0.074214783
20.64			0.07628646
20.65			0.069949565
20.66			0.065806211
20.67			0.054594783
20.68			0.041311677
20.69			0.031318882
20.7			0.025835031
20.71			0.017548323
20.72			0.008530435
20.73			-0.004131168
20.74			-0.01925441
20.75			-0.031075155
20.76			-0.031197019
20.77			-0.027662981
20.78			-0.01998559
20.79			-0.005106075
20.8			0.011077379
20.81			0.037533913
20.82			0.069827702
20.83			0.104680621
20.84			0.146236025
20.85			0.176701863
20.86			0.194981366
20.87			0.204730435
20.88			0.21326087
20.89			0.204730435
20.9			0.203511801
20.91			0.182795031
20.92			0.157203727
20.93			0.123081988
20.94			0.082745217
20.95			0.048745342
20.96			0.021204224
20.97			0.000984656
20.98			-0.014379876
20.99			-0.029612795
21			-0.047892298
21.01			-0.062515901
21.02			-0.070315155
21.03			-0.066171801
21.04			-0.053741739
21.05			-0.040458634
21.06			-0.031928199
21.07			-0.025835031
21.08			-0.027053665
21.09			-0.031197019
21.1			-0.030100248
21.11			-0.027541118
21.12			-0.020960497
21.13			-0.014258012
21.14			-0.005800696
21.15			-0.003802137
21.16			0.010699602
21.17			0.028150435
21.18			0.04179913
21.19			0.05812882
21.2			0.067390435
21.21			0.072874286
21.22			0.077261366
21.23			0.077992547
21.24			0.079820497
21.25			0.088838385
21.26			0.087376025
21.27			0.077992547
21.28			0.065684348
21.29			0.049354658
21.3			0.036559006
21.31			0.031318882
21.32			0.030953292
21.33			0.034487329
21.34			0.036437143
21.35			0.037168323
21.36			0.039118137
21.37			0.045333168
21.38			0.05739764
21.39			0.068730932
21.4			0.087497888
21.41			0.09736882
21.42			0.102608944
21.43			0.110773789
21.44			0.116379503
21.45			0.11954795
21.46			0.11808559
21.47			0.112236149
21.48			0.101755901
21.49			0.086279255
21.5			0.076895776
21.51			0.071290062
21.52			0.069340248
21.53			0.067268571
21.54			0.062881491
21.55			0.052035652
21.56			0.03960559
21.57			0.026931801
21.58			0.015720373
21.59			0.00807954
21.6			0.008091727
21.61			0.006824348
21.62			0.013526832
21.63			0.015232919
21.64			0.020229317
21.65			0.021569814
21.66			0.031928199
21.67			0.03814323
21.68			0.048867205
21.69			0.066293665
21.7			0.089447702
21.71			0.11479528
21.72			0.145017391
21.73			0.15842236
21.74			0.174264596
21.75			0.176701863
21.76			0.170608696
21.77			0.165734161
21.78			0.168171429
21.79			0.176701863
21.8			0.182795031
21.81			0.191325466
21.82			0.177920497
21.83			0.159640994
21.84			0.134049689
21.85			0.101512174
21.86			0.074702236
21.87			0.052644969
21.88			0.03997118
21.89			0.025347578
21.9			0.014867329
21.91			-0.005861627
21.92			-0.027662981
21.93			-0.048867205
21.94			-0.073605466
21.95			-0.09627205
21.96			-0.102243354
21.97			-0.104924348
21.98			-0.092494286
21.99			-0.08030795
22			-0.069705839
22.01			-0.063247081
22.02			-0.060444224
22.03			-0.056422733
22.04			-0.053619876
22.05			-0.043505217
22.06			-0.029247205
22.07			-0.010163404
22.08			0.000565446
22.09			0.004253031
22.1			-0.001093114
22.11			-0.014623602
22.12			-0.031440745
22.13			-0.047526708
22.14			-0.058372547
22.15			-0.064100124
22.16			-0.061662857
22.17			-0.060078634
22.18			-0.060566087
22.19			-0.062637764
22.2			-0.069949565
22.21			-0.07811441
22.22			-0.080064224
22.23			-0.078967453
22.24			-0.063125217
22.25			-0.041555404
22.26			-0.01852323
22.27			0.001742646
22.28			0.015964099
22.29			0.02254472
22.3			0.029734658
22.31			0.032537516
22.32			0.036802733
22.33			0.049110932
22.34			0.061540994
22.35			0.066781118
22.36			0.070437019
22.37			0.069462112
22.38			0.062881491
22.39			0.057885093
22.4			0.055204099
22.41			0.049598385
22.42			0.053863602
22.43			0.05812882
22.44			0.062637764
22.45			0.062759627
22.46			0.05922559
22.47			0.047282981
22.48			0.028759752
22.49			0.002010745
22.5			-0.022057267
22.51			-0.03668087
22.52			-0.046186211
22.53			-0.051670062
22.54			-0.05886
22.55			-0.068730932
22.56			-0.083476398
22.57			-0.101877764
22.58			-0.11845118
22.59			-0.124300621
22.6			-0.121863354
22.61			-0.11698882
22.62			-0.110408199
22.63			-0.110164472
22.64			-0.103218261
22.65			-0.096150186
22.66			-0.086035528
22.67			-0.073483602
22.68			-0.056910186
22.69			-0.044723851
22.7			-0.035096646
22.71			-0.030343975
22.72			-0.027419255
22.73			-0.029734658
22.74			-0.029369068
22.75			-0.035584099
22.76			-0.048257888
22.77			-0.058738137
22.78			-0.072630559
22.79			-0.079089317
22.8			-0.081770311
22.81			-0.081282857
22.82			-0.080917267
22.83			-0.079089317
22.84			-0.081648447
22.85			-0.083476398
22.86			-0.07884559
22.87			-0.072752422
22.88			-0.063368944
22.89			-0.058006957
22.9			-0.056788323
22.91			-0.057885093
22.92			-0.06141913
22.93			-0.067634161
22.94			-0.076408323
22.95			-0.084816894
22.96			-0.098587453
22.97			-0.11772
22.98			-0.130393789
22.99			-0.13770559
23			-0.138924224
23.01			-0.129175155
23.02			-0.11662323
23.03			-0.110286335
23.04			-0.104924348
23.05			-0.097246957
23.06			-0.085060621
23.07			-0.068121615
23.08			-0.052279379
23.09			-0.03777764
23.1			-0.033390559
23.11			-0.041555404
23.12			-0.054472919
23.13			-0.068609068
23.14			-0.07628646
23.15			-0.082014037
23.16			-0.087010435
23.17			-0.089325839
23.18			-0.090300745
23.19			-0.092128696
23.2			-0.084695031
23.21			-0.076164596
23.22			-0.062272174
23.23			-0.048867205
23.24			-0.03704646
23.25			-0.031440745
23.26			-0.023763354
23.27			-0.016573416
23.28			-0.005398547
23.29			0.007336174
23.3			0.014501739
23.31			0.015111056
23.32			0.014989193
23.33			0.01815764
23.34			0.01815764
23.35			0.025591304
23.36			0.032415652
23.37			0.038996273
23.38			0.04216472
23.39			0.044480124
23.4			0.047404845
23.41			0.058250683
23.42			0.072752422
23.43			0.087132298
23.44			0.099074907
23.45			0.104802484
23.46			0.108214658
23.47			0.106996025
23.48			0.107727205
23.49			0.103096398
23.5			0.099806087
23.51			0.089569565
23.52			0.07628646
23.53			0.06141913
23.54			0.049963975
23.55			0.047039255
23.56			0.048014161
23.57			0.048136025
23.58			0.049963975
23.59			0.046673665
23.6			0.043992671
23.61			0.03850882
23.62			0.032781242
23.63			0.032050062
23.64			0.031806335
23.65			0.028272298
23.66			0.025103851
23.67			0.025956894
23.68			0.028272298
23.69			0.030831429
23.7			0.033878012
23.71			0.035096646
23.72			0.035949689
23.73			0.036071553
23.74			0.038996273
23.75			0.044845714
23.76			0.05593528
23.77			0.062515901
23.78			0.064709441
23.79			0.062881491
23.8			0.054351056
23.81			0.047892298
23.82			0.047770435
23.83			0.048745342
23.84			0.056544596
23.85			0.063612671
23.86			0.063856398
23.87			0.059469317
23.88			0.046673665
23.89			0.032415652
23.9			0.021204224
23.91			0.014258012
23.92			0.010151217
23.93			0.005276683
23.94			0.00538636
23.95			0.004764857
23.96			0.005410733
23.97			0.004301776
23.98			0.005459478
23.99			0.00638564
24			0.005825068
24.01			0.011418596
24.02			0.018401366
24.03			0.029247205
24.04			0.043139627
24.05			0.052157516
24.06			0.055325963
24.07			0.052766832
24.08			0.050451429
24.09			0.048501615
24.1			0.050451429
24.11			0.054594783
24.12			0.05812882
24.13			0.057519503
24.14			0.049598385
24.15			0.034609193
24.16			0.020107453
24.17			0.004228658
24.18			-0.007543342
24.19			-0.013283106
24.2			-0.013892422
24.21			-0.014379876
24.22			-0.009846559
24.23			-0.004472385
24.24			-0.000991968
24.25			0.001279565
24.26			0.004253031
24.27			0.007518969
24.28			0.013283106
24.29			0.017304596
24.3			0.01925441
24.31			0.021326087
24.32			0.022666584
24.33			0.014867329
24.34			0.007068075
24.35			-0.002071677
24.36			-0.009639391
24.37			-0.013283106
24.38			-0.010614298
24.39			-0.00502077
24.4			0.002047304
24.41			0.005313242
24.42			0.007701764
24.43			0.004703925
24.44			0.00342436
24.45			0.004618621
24.46			0.006239404
24.47			0.012186335
24.48			0.01852323
24.49			0.021569814
24.5			0.027784845
24.51			0.024981988
24.52			0.019010683
24.53			0.011832932
24.54			0.005093888
24.55			-0.00159641
24.56			-0.005544783
24.57			-0.003046584
24.58			-0.002632248
24.59			-0.001255193
24.6			-0.00319282
24.61			-0.009773441
24.62			-0.014379876
24.63			-0.016817143
24.64			-0.01815764
24.65			-0.017670186
24.66			-0.015111056
24.67			-0.014745466
24.68			-0.013770559
24.69			-0.011491714
24.7			-0.009785627
24.71			-0.005556969
24.72			0.003265938
24.73			0.008384199
24.74			0.015720373
24.75			0.024494534
24.76			0.032293789
24.77			0.039361863
24.78			0.04216472
24.79			0.036437143
24.8			0.029856522
24.81			0.018035776
24.82			0.002412894
24.83			-0.011418596
24.84			-0.023397764
24.85			-0.032903106
24.86			-0.043017764
24.87			-0.054716646
24.88			-0.063125217
24.89			-0.069096522
24.9			-0.071168199
24.91			-0.069705839
24.92			-0.068609068
24.93			-0.062150311
24.94			-0.052279379
24.95			-0.044236398
24.96			-0.033634286
24.97			-0.024860124
24.98			-0.01815764
24.99			-0.014745466
25			-0.015111056
25.01			-0.015598509
25.02			-0.016329689
25.03			-0.011772
25.04			-0.005008584
25.05			0.000324157
25.06			0.00575195
25.07			0.005508224
25.08			0.003802137
25.09			-0.001303938
25.1			-0.00209605
25.11			0.001146734
25.12			0.007055888
25.13			0.010321826
25.14			0.007177752
25.15			0.000860355
25.16			-0.00834764
25.17			-0.019132547
25.18			-0.025835031
25.19			-0.030222112
25.2			-0.036559006
25.21			-0.04033677
25.22			-0.045089441
25.23			-0.047892298
25.24			-0.044967578
25.25			-0.039849317
25.26			-0.030343975
25.27			-0.022666584
25.28			-0.018279503
25.29			-0.013892422
25.3			-0.007750509
25.31			0.00296128
25.32			0.010443689
25.33			0.015111056
25.34			0.017182733
25.35			0.013892422
25.36			0.008323267
25.37			0.003655901
25.38			0.003351242
25.39			0.003729019
25.4			0.004411453
25.41			0.000265662
25.42			-0.004813602
25.43			-0.010577739
25.44			-0.012673789
25.45			-0.011223615
25.46			-0.007543342
25.47			-0.000910319
25.48			0.003680273
25.49			0.007397106
25.5			0.009017888
25.51			0.009736882
25.52			0.011784186
25.53			0.017304596
25.54			0.01669528
25.55			0.013648696
25.56			0.008164845
25.57			0.002510385
25.58			-0.001486733
25.59			0.000174265
25.6			0.003241565
25.61			0.007299615
25.62			0.011308919
25.63			0.008250149
25.64			0.006495317
25.65			0.002680994
25.66			0.001255193
25.67			-2.43E-05
25.68			-0.004399267
25.69			-0.012673789
25.7			-0.021569814
25.71			-0.030831429
25.72			-0.038265093
25.73			-0.044845714
25.74			-0.047282981
25.75			-0.053010559
25.76			-0.062150311
25.77			-0.071046335
25.78			-0.076164596
25.79			-0.076773913
25.8			-0.070680745
25.81			-0.066049938
25.82			-0.06178472
25.83			-0.060566087
25.84			-0.059713043
25.85			-0.059469317
25.86			-0.054229193
25.87			-0.044114534
25.88			-0.033756149
25.89			-0.024738261
25.9			-0.016939006
25.91			-0.015598509
25.92			-0.015842236
25.93			-0.012551925
25.94			-0.011430783
25.95			-0.012551925
25.96			-0.011369851
25.97			-0.012308199
25.98			-0.01154046
25.99			-0.011784186
26			-0.010114658
26.01			-0.011077379
26.02			-0.012551925
26.03			-0.01925441
26.04			-0.029003478
26.05			-0.03704646
26.06			-0.041920994
26.07			-0.044480124
26.08			-0.041555404
26.09			-0.03997118
26.1			-0.04070236
26.11			-0.038386957
26.12			-0.03887441
26.13			-0.038021366
26.14			-0.030831429
26.15			-0.020594907
26.16			-0.005959118
26.17			0.006446571
26.18			0.015842236
26.19			0.02144795
26.2			0.029125342
26.21			0.03704646
26.22			0.043992671
26.23			0.049720248
26.24			0.056179006
26.25			0.058006957
26.26			0.05959118
26.27			0.06068795
26.28			0.060078634
26.29			0.06068795
26.3			0.058616273
26.31			0.056422733
26.32			0.053741739
26.33			0.056057143
26.34			0.063003354
26.35			0.072508696
26.36			0.083476398
26.37			0.089569565
26.38			0.094687826
26.39			0.096028323
26.4			0.098953043
26.41			0.101146584
26.42			0.108092795
26.43			0.11662323
26.44			0.123081988
26.45			0.127956522
26.46			0.130393789
26.47			0.130393789
26.48			0.131612422
26.49			0.130393789
26.5			0.126737888
26.51			0.125519255
26.52			0.123081988
26.53			0.116379503
26.54			0.106996025
26.55			0.097978137
26.56			0.082988944
26.57			0.068487205
26.58			0.051060745
26.59			0.035705963
26.6			0.02108236
26.61			0.010053727
26.62			0.000779925
26.63			-0.007677391
26.64			-0.014258012
26.65			-0.026322484
26.66			-0.036924596
26.67			-0.048014161
26.68			-0.05776323
26.69			-0.062272174
26.7			-0.06105354
26.71			-0.05959118
26.72			-0.054594783
26.73			-0.047526708
26.74			-0.040458634
26.75			-0.029369068
26.76			-0.01925441
26.77			-0.006812161
26.78			0.006921839
26.79			0.017670186
26.8			0.028637888
26.81			0.034121739
26.82			0.043139627
26.83			0.048379752
26.84			0.049842112
26.85			0.048014161
26.86			0.042774037
26.87			0.036924596
26.88			0.030587702
26.89			0.027784845
26.9			0.024007081
26.91			0.021935404
26.92			0.019132547
26.93			0.014136149
26.94			0.008993516
26.95			0.001511106
26.96			0.005691019
26.97			0.001243006
26.98			0.009298174
26.99			0.009200683
27			0.016207826
27.01			0.015476646
27.02			0.012795652
27.03			0.008030795
27.04			-0.005727578
27.05			-0.010784907
27.06			-0.024128944
27.07			-0.023641491
27.08			-0.027906708
27.09			-0.025835031
27.1			-0.02144795
27.11			-0.020960497
27.12			-0.019741863
27.13			-0.017913913
27.14			-0.01815764
27.15			-0.015842236
27.16			-0.017304596
27.17			-0.01779205
27.18			-0.025591304
27.19			-0.034609193
27.2			-0.042042857
27.21			-0.05886
27.22			-0.068730932
27.23			-0.083963851
27.24			-0.091519379
27.25			-0.09992795
27.26			-0.102730807
27.27			-0.103827578
27.28			-0.104193168
27.29			-0.096393913
27.3			-0.092494286
27.31			-0.085304348
27.32			-0.076408323
27.33			-0.065196894
27.34			-0.051548199
27.35			-0.038752547
27.36			-0.020473043
27.37			-0.010784907
27.38			0.000432615
27.39			0.002400708
27.4			0.003229379
27.41			0.001998559
27.42			0.001437988
27.43			0.001572037
27.44			-0.003351242
27.45			-0.005642273
27.46			-0.013283106
27.47			-0.016207826
27.48			-0.022057267
27.49			-0.02108236
27.5			-0.020838634
27.51			-0.018766957
27.52			-0.01852323
27.53			-0.02254472
27.54			-0.023885217
27.55			-0.026078758
27.56			-0.025347578
27.57			-0.029247205
27.58			-0.033268696
27.59			-0.044480124
27.6			-0.050329565
27.61			-0.059834907
27.62			-0.060931677
27.63			-0.059834907
27.64			-0.054351056
27.65			-0.054838509
27.66			-0.051426335
27.67			-0.053619876
27.68			-0.050938882
27.69			-0.046064348
27.7			-0.044358261
27.71			-0.03924
27.72			-0.03741205
27.73			-0.037655776
27.74			-0.03924
27.75			-0.040458634
27.76			-0.03960559
27.77			-0.038021366
27.78			-0.03850882
27.79			-0.03741205
27.8			-0.044845714
27.81			-0.049232795
27.82			-0.054594783
27.83			-0.054716646
27.84			-0.053741739
27.85			-0.054107329
27.86			-0.049720248
27.87			-0.053863602
27.88			-0.051304472
27.89			-0.050085839
27.9			-0.044236398
27.91			-0.034487329
27.92			-0.023519627
27.93			-0.015842236
27.94			-0.007433665
27.95			0.000302221
27.96			0.007092447
27.97			0.013283106
27.98			0.021691677
27.99			0.025713168
